SQLite version 3.20.1 2017-08-24 16:21:36
Enter ".help" for usage hints.
sqlite> .header on
sqlite> .mode column
sqlite>
sqlite> --6305 日立建機
sqlite> --会社情報をついか
sqlite> INSERT INTO company
   ...> VALUES('6305', '日立建機', 1, '1', 1970, 1981, 9476);
sqlite> --確認
sqlite> SELECT * FROM company;
id          name        industry_id  listed_id   establishd_year  listed_year  market_cap
----------  ----------  -----------  ----------  ---------------  -----------  ----------
5367        ニッカト        1            1           1921             1963         124
4543        テルモ         1            1           1921             1982         20735
3669        モバイルクリエイト   2            1           2002             2012         85
8527        愛知銀行        3            1           1944             1961         602
6305        日立建機        1            1           1970             1981         9476
sqlite>
sqlite> --財務情報を追加
sqlite> --2017
sqlite> INSERT INTO financialStatement
   ...> VALUES
   ...> ('6305', '2017', 357072, -25454, 13883, 17209, 6449, 87961, -74610, -25817, 4095),
   ...> ('6305', '2016', 354746, -44961, -21835, -433, 9698, 114874, 18225, -98163, 2531),
   ...> ('6305', '2015', , -44961, -21835, -433, 9698, 114874, 18225, -98163, 2531)
   ...> ;
Error: near ",": syntax error

--残りを追加
sqlite> INSERT INTO financialStatement
   ...> VALUES
   ...> ('6305', '2017', 357072, -25454, 13883, 17209, 6449, 87961, -74610, -25817, 4095),
   ...> ('6305', '2016', 354746, -44961, -21835, -433, 9698, 114874, 18225, -98163, 2531),
   ...> ('6305', '2015', 393035, -20142, 8749, 3860, 6897, 109303, -13549, -103822, 1898),
   ...> ('6305', '2014', 391154, -4118, 16548, -556, 6531, 92324, -36724, -72174, 2568),
   ...> ('6305', '2013', 772355, 51496, 36391, 23464, 62640, 59965, -36724, -72174, 2568)
   ...> ;
sqlite> --ミスってenter推したから2013年やり直し
sqlite> DELETE from financialStatement
   ...> WHERE   company_id = '6305'
   ...> AND     year = '2013';
sqlite>
sqlite> --再入力
sqlite> INSERT INTO financialStatement
   ...> VALUES
   ...> ('6305', '2013', 772355, 51496, 36391, 23464, 62640, 59965, -37080, -42700, 2245);
sqlite>
sqlite> --確認
sqlite> SELECT * FROM financialStatement;
5367|2016|8577|594|633|412|1810|1638|-1286|-154|407
4543|2017|514164|76578|68552|54225|105|81|-181|60|5340
4543|2016|525026|81703|73090|50626|150|80|-23|-79|4315
4543|2015|489506|67456|70730|38470|130|73|-40|44|3718
4543|2014|467359|65288|63802|34096|96|96|-53|-32|2757
4543|2013|402294|53216|51376|47014|78|50|-31|-22|5070
5367|2013|7696|422|443|246|1178|706|-939|-94|411
5367|2014|7909|346|326|191|1690|993|-166|-314|402
5367|2015|8773|440|468|285|1762|260|-198|-141|407
5367|2017|8919|667|703|477|2892|1063|178|-189|1066
3669|2013|2828|542|515|314|676|216|-230|475|2770
3669|2014|4233|804|785|493|2178|904|-453|1051|842
3669|2015|5234|572|1328|1112|900|24|-1590|287|467
3669|2017|||||||||361
8527|2013|49701||5325|2721|91001|21908|-33422|-803|5030
8527|2014|49354||8641|5140|138274|151708|-103340|-802|5980
8527|2015|49298||9735|5822|139407|37341|-35378|-836|6450
8527|2016|48695||8111|5257|104722|-31382|-2187|-940|6600
8527|2017|50031||7648|5067|164668|54254|5403|-868|5350
3669|2016|5531|371|371|413|1907|916|93|-902|371
6305|2017|357072|-25454|13883|17209|6449|87961|-74610|-25817|4095
6305|2016|354746|-44961|-21835|-433|9698|114874|18225|-98163|2531
6305|2015|393035|-20142|8749|3860|6897|109303|-13549|-103822|1898
6305|2014|391154|-4118|16548|-556|6531|92324|-36724|-72174|2568
6305|2013|772355|51496|36391|23464|62640|59965|-37080|-42700|2245
sqlite> --形態直し
sqlite> .mode column
sqlite> .headers on
sqlite>
sqlite> SELECT * FROM financialStatement;
company_id  year        sales       operating_income  ordinary_income  net_income  cash        operating_CF  investing_CF  financing_CF  stock_price
----------  ----------  ----------  ----------------  ---------------  ----------  ----------  ------------  ------------  ------------  -----------
5367        2016        8577        594               633              412         1810        1638          -1286         -154          407
4543        2017        514164      76578             68552            54225       105         81            -181          60            5340
4543        2016        525026      81703             73090            50626       150         80            -23           -79           4315
4543        2015        489506      67456             70730            38470       130         73            -40           44            3718
4543        2014        467359      65288             63802            34096       96          96            -53           -32           2757
4543        2013        402294      53216             51376            47014       78          50            -31           -22           5070
5367        2013        7696        422               443              246         1178        706           -939          -94           411
5367        2014        7909        346               326              191         1690        993           -166          -314          402
5367        2015        8773        440               468              285         1762        260           -198          -141          407
5367        2017        8919        667               703              477         2892        1063          178           -189          1066
3669        2013        2828        542               515              314         676         216           -230          475           2770
3669        2014        4233        804               785              493         2178        904           -453          1051          842
3669        2015        5234        572               1328             1112        900         24            -1590         287           467
3669        2017                                                                                                                         361
8527        2013        49701                         5325             2721        91001       21908         -33422        -803          5030
8527        2014        49354                         8641             5140        138274      151708        -103340       -802          5980
8527        2015        49298                         9735             5822        139407      37341         -35378        -836          6450
8527        2016        48695                         8111             5257        104722      -31382        -2187         -940          6600
8527        2017        50031                         7648             5067        164668      54254         5403          -868          5350
3669        2016        5531        371               371              413         1907        916           93            -902          371
6305        2017        357072      -25454            13883            17209       6449        87961         -74610        -25817        4095
6305        2016        354746      -44961            -21835           -433        9698        114874        18225         -98163        2531
6305        2015        393035      -20142            8749             3860        6897        109303        -13549        -103822       1898
6305        2014        391154      -4118             16548            -556        6531        92324         -36724        -72174        2568
6305        2013        772355      51496             36391            23464       62640       59965         -37080        -42700        2245
sqlite>
sqlite> --
sqlite> --数値ミス発見
sqlite> DELETE FROM financialStatement
   ...> WHERE   company_id = '6205'
   ...> AND     (year = '2014'
   ...> OR      year = '2015'
   ...> OR      year = '2016'
   ...> OR      year = '2017');
sqlite>
sqlite> --確認
sqlite> SELECT * FROM financialStatement;
company_id  year        sales       operating_income  ordinary_income  net_income  cash        operating_CF  investing_CF  financing_CF  stock_price
----------  ----------  ----------  ----------------  ---------------  ----------  ----------  ------------  ------------  ------------  -----------
5367        2016        8577        594               633              412         1810        1638          -1286         -154          407
4543        2017        514164      76578             68552            54225       105         81            -181          60            5340
4543        2016        525026      81703             73090            50626       150         80            -23           -79           4315
4543        2015        489506      67456             70730            38470       130         73            -40           44            3718
4543        2014        467359      65288             63802            34096       96          96            -53           -32           2757
4543        2013        402294      53216             51376            47014       78          50            -31           -22           5070
5367        2013        7696        422               443              246         1178        706           -939          -94           411
5367        2014        7909        346               326              191         1690        993           -166          -314          402
5367        2015        8773        440               468              285         1762        260           -198          -141          407
5367        2017        8919        667               703              477         2892        1063          178           -189          1066
3669        2013        2828        542               515              314         676         216           -230          475           2770
3669        2014        4233        804               785              493         2178        904           -453          1051          842
3669        2015        5234        572               1328             1112        900         24            -1590         287           467
3669        2017                                                                                                                         361
8527        2013        49701                         5325             2721        91001       21908         -33422        -803          5030
8527        2014        49354                         8641             5140        138274      151708        -103340       -802          5980
8527        2015        49298                         9735             5822        139407      37341         -35378        -836          6450
8527        2016        48695                         8111             5257        104722      -31382        -2187         -940          6600
8527        2017        50031                         7648             5067        164668      54254         5403          -868          5350
3669        2016        5531        371               371              413         1907        916           93            -902          371
6305        2017        357072      -25454            13883            17209       6449        87961         -74610        -25817        4095
6305        2016        354746      -44961            -21835           -433        9698        114874        18225         -98163        2531
6305        2015        393035      -20142            8749             3860        6897        109303        -13549        -103822       1898
6305        2014        391154      -4118             16548            -556        6531        92324         -36724        -72174        2568
6305        2013        772355      51496             36391            23464       62640       59965         -37080        -42700        2245
sqlite> --ミス発見
sqlite> DELETE FROM financialStatement
   ...> WHERE   company_id = '6305'
   ...> AND     (year = '2014'
   ...> OR      year = '2015'
   ...> OR      year = '2016'
   ...> OR      year = '2017');
sqlite>
sqlite> --確認
sqlite> SELECT * FROM financialStatement
   ...> WHERE company_id = '6305';
company_id  year        sales       operating_income  ordinary_income  net_income  cash        operating_CF  investing_CF  financing_CF  stock_price
----------  ----------  ----------  ----------------  ---------------  ----------  ----------  ------------  ------------  ------------  -----------
6305        2013        772355      51496             36391            23464       62640       59965         -37080        -42700        2245
sqlite>
sqlite> --入力
sqlite> INSERT INTO financialStatement
   ...> VALUES
   ...> ('6305', '2014', 802988, 69163, 53671, 28939, 92324, -36724, -72174, 2568),
   ...> ('6305', '2015', 815792, 63131, 58953, 26023, 109303, -13549, -103822, 1898),
   ...> ('6305', '2016', 758331, 34062, 24517, 8804, 114874, 18225, -98163, 2531),
   ...> ('6305', '2017', 753947, 23622, 23859, 8022, 87961, -74610, -25817, 4095)
   ...> ;
Error: table financialStatement has 11 columns but 10 values were supplied
sqlite> INSERT INTO financialStatement
   ...> VALUES
   ...> ('6305', '2014', 802988, 69163, 53671, 28939, 53353,  92324, -36724, -72174, 2568),
   ...> ('6305', '2015', 815792, 63131, 58953, 26023, 51433, 109303, -13549, -103822, 1898),
   ...> ('6305', '2016', 758331, 34062, 24517, 8804, 79110, 114874, 18225, -98163, 2531),
   ...> ('6305', '2017', 753947, 23622, 23859, 8022, 65455, 87961, -74610, -25817, 4095)
   ...> ;
sqlite>
sqlite> --確認
sqlite> SELECT * FROM financialStatement
   ...> WHERE company_id = '6305';
company_id  year        sales       operating_income  ordinary_income  net_income  cash        operating_CF  investing_CF  financing_CF  stock_price
----------  ----------  ----------  ----------------  ---------------  ----------  ----------  ------------  ------------  ------------  -----------
6305        2013        772355      51496             36391            23464       62640       59965         -37080        -42700        2245
6305        2014        802988      69163             53671            28939       53353       92324         -36724        -72174        2568
6305        2015        815792      63131             58953            26023       51433       109303        -13549        -103822       1898
6305        2016        758331      34062             24517            8804        79110       114874        18225         -98163        2531
6305        2017        753947      23622             23859            8022        65455       87961         -74610        -25817        4095