
--仮説設定のためデータを確認
sqlite> SELECT * FROM financialStatement;
company_id  year        sales       operating_income  ordinary_income  net_income  cash        operating_CF  investing_CF  financing_CF  stock_price
----------  ----------  ----------  ----------------  ---------------  ----------  ----------  ------------  ------------  ------------  -----------
5367        2016        8577        594               633              412         1810        1638          -1286         -154          407
4543        2017        514164      76578             68552            54225       105000      81000         -181000       60000         5340
4543        2016        525026      81703             73090            50626       150000      80000         -23000        -79000        4315
4543        2015        489506      67456             70730            38470       130000      73000         -40000        44000         3718
4543        2014        467359      65288             63802            34096       96000       96000         -53000        -32000        2757
4543        2013        402294      53216             51376            47014       78000       50000         -31000        -22000        5070
5367        2013        7696        422               443              246         1178        706           -939          -94           411
5367        2014        7909        346               326              191         1690        993           -166          -314          402
5367        2015        8773        440               468              285         1762        260           -198          -141          407
5367        2017        8919        667               703              477         2892        1063          178           -189          1066
3669        2013        2828        542               515              314         676         216           -230          475           692
3669        2014        4233        804               785              493         2178        904           -453          1051          842
3669        2015        5234        572               1328             1112        900         24            -1590         287           467
3669        2017                                                                                                                         361
8527        2013        49701                         5325             2721        91001       21908         -33422        -803          5030
8527        2014        49354                         8641             5140        138274      151708        -103340       -802          5980
8527        2015        49298                         9735             5822        139407      37341         -35378        -836          6450
8527        2016        48695                         8111             5257        104722      -31382        -2187         -940          6600
8527        2017        50031                         7648             5067        164668      54254         5403          -868          5350
3669        2016        5531        371               371              413         1907        916           93            -902          371
6305        2013        772355      51496             36391            23464       62640       59965         -37080        -42700        2245
6305        2014        802988      69163             53671            28939       53353       92324         -36724        -72174        2568
6305        2015        815792      63131             58953            26023       51433       109303        -13549        -103822       1898
6305        2016        758331      34062             24517            8804        79110       114874        18225         -98163        2531
6305        2017        753947      23622             23859            8022        65455       87961         -74610        -25817        4095
5302        2013        30439       705               921              693         6159        2624          -899          -2236         1980
5302        2014        29580       1409              1518             802         8193        4319          -825          -1362         2290
5302        2015        28891       2063              1884             1076        10830       3827          -526          -740          3060
5302        2016        22903       -663              -570             -5413       10553       2370          -6136         3501          2270
5302        2017                                                                                                                         5070
4186        2013        72919       7872              8617             5443        57071       12438         -75           -1386         2249
4186        2014        75269       10025             12269            7549        53371       11881         -14491        -2471         3700
4186        2015        88086       13253             14443            8818        53967       13577         -10197        -2110         3865
4186        2016        89969       12438             12684            7716        50876       11902         -4385         -9268         3940
4186        2017        88764       9954              9867             6343        49663       12476         -13402        -2324         4865
6752        2013        7303045     160936            -398386          -754250     496283      338750        16406         -491058       1224
6752        2014        7736541     305114            206225           120442      592467      581950        12128         -532315       1427
6752        2015        7715037     381913            182456           179485      1280408     491463        -138008       257615        1241
6752        2016        7626306     230299            227529           165212      1014264     398680        -274274       -308031       1190
6752        2017        7343707     276784            275066           149360      1270787     385410        -420156       294598        1650
8589        2013        63290       9216              9086             8566        105875      17410         3155          4858          151
8589        2014        63076       5542              5481             5588        74833       -31799        100           -1580         134
8589        2015        65631       5246              5095             4084        71912       -48705        -3165         43543         107
8589        2016        68231       5654              6003             5304        128917      -58065        -2271         113716        118
8589        2017        71869       7065              7644             7175        118543      -80046        -3845         66965         110
sqlite>
sqlite> --企業情報も確認
sqlite> SELECT * FROM company;
id          name        industry_id  listed_id   establishd_year  listed_year  market_cap
----------  ----------  -----------  ----------  ---------------  -----------  ----------
5367        ニッカト        1            1           1921             1963         124
4543        テルモ         1            1           1921             1982         20735
3669        モバイルクリエイト   2            1           2002             2012         85
8527        愛知銀行        3            1           1944             1961         602
6305        日立建機        1            1           1970             1981         9476
5302        日本カボン       1            1           1915             1949         616
4186        東京応化工業      1            1           1940             1986         2386
6752        パナソニック      1            1           1935             1949         41616
8589        アプラスファイナンシ  3            1           1956             1981         1783
sqlite>
sqlite> --株価の平均値と見比べてみる
sqlite> --まずは株価の平均値取得codeを確認
sqlite> SELECT company_id, AVG(stock_price)
   ...> FROm    financialStatement
   ...> GROUP BY company_id;
company_id  AVG(stock_price)
----------  ----------------
3669        546.6
4186        3723.8
4543        4240.0
5302        2934.0
5367        538.6
6305        2667.4
6752        1346.4
8527        5882.0
8589        124.0
sqlite>